34.65  3.15
34.30  3.15
33.95  3.15
33.60  3.15
33.25  3.15
32.90  3.15
32.55  3.15
32.20  3.15
31.85  3.15
31.50  3.15
31.15  3.15
30.80  3.15
30.45  3.15
30.10  3.15
29.75  3.15
29.40  3.15
29.05  3.15
28.70  3.15
28.35  3.15
28.00  3.15
27.65  3.15
27.30  3.15
26.95  3.15
26.60  3.15
26.25  3.15
25.90  3.15
25.55  3.15
25.20  3.15
24.85  3.15
24.50  3.15
24.15  3.15
23.80  3.15
23.45  3.15
23.10  3.15
22.75  3.15
22.40  3.15
22.05  3.15
21.70  3.15
21.35  3.15
21.00  3.15
20.65  3.15
20.30  3.15
19.95  3.15
19.60  3.15
19.25  3.15
18.90  3.15
18.55  3.15
18.20  3.15
17.85  3.15
17.50  3.15
17.15  3.15
16.80  3.15
16.45  3.15
16.10  3.15
15.75  3.15
15.40  3.15
15.05  3.15
14.70  3.15
14.35  3.15
14.00  3.15
13.65  3.15
13.30  3.15
12.95  3.15
12.60  3.15
12.25  3.15
11.90  3.15
11.55  3.15
11.20  3.15
10.85  3.15
10.50  3.15
10.15  3.15
9.80  3.15
9.45  3.15
9.10  3.15
8.75  3.15
8.40  3.15
8.05  3.15
7.70  3.15
7.35  3.15
7.00  3.15
6.65  3.15
6.30  3.15
5.95  3.15
5.60  3.15
5.25  3.15
4.90  3.15
4.55  3.15
4.20  3.15
3.85  3.15
3.50  3.15
3.15  3.15
2.80  3.15
2.45  3.15
2.10  3.15
1.75  3.15
1.40  3.15
1.05  3.15
0.70  3.15
0.35  3.15
-0.00  3.15
-0.35  3.15
-0.70  3.15
-1.05  3.15
-1.40  3.15
-1.75  3.15
-2.10  3.15
-2.45  3.15
-2.80  3.15
-3.15  3.15
-3.50  3.15
-3.85  3.15
-4.20  3.15
-4.55  3.15
-4.90  3.15
-5.25  3.15
-5.60  3.15
-5.95  3.15
-6.30  3.15
-6.65  3.15
-7.00  3.15
-7.35  3.15
-7.70  3.15
-8.05  3.15
-8.40  3.15
-8.75  3.15
-9.10  3.15
-9.45  3.15
-9.80  3.15
-10.15  3.15
-10.50  3.15
-10.85  3.15
-11.20  3.15
-11.55  3.15
-11.90  3.15
-12.25  3.15
-12.60  3.15
-12.95  3.15
-13.30  3.15
-13.65  3.15
-14.00  3.15
-14.35  3.15
-14.70  3.15
-15.05  3.15
-15.40  3.15
-15.75  3.15
-16.10  3.15
-16.45  3.15
-16.80  3.15
-17.15  3.15
-17.50  3.15
-17.85  3.15
-18.20  3.15
-18.55  3.15
-18.90  3.15
-19.25  3.15
-19.60  3.15
-19.95  3.15
-20.30  3.15
-20.65  3.15
-21.00  3.15
-21.35  3.15
-21.70  3.15
-22.05  3.15
-22.40  3.15
-22.75  3.15
-23.10  3.15
-23.45  3.15
-23.80  3.15
-24.15  3.15
-24.50  3.15
-24.85  3.15
-25.20  3.15
-25.55  3.15
-25.90  3.15
-26.25  3.15
-26.60  3.15
-26.95  3.15
-27.30  3.15
-27.65  3.15
-28.00  3.15
-28.35  3.15
-28.70  3.15
-29.05  3.15
-29.40  3.15
-29.75  3.15
-30.10  3.15
-30.45  3.15
-30.80  3.15
-31.15  3.15
-31.50  3.15
-31.85  3.15
-32.20  3.15
-32.55  3.15
-32.90  3.15
-33.25  3.15
-33.60  3.15
-33.95  3.15
-34.30  3.15
-34.65  3.15
-35.00  3.15
-35.49  3.16
-35.97  3.18
-36.45  3.22
-36.94  3.27
-37.42  3.34
-37.90  3.42
-38.37  3.52
-38.84  3.64
-39.31  3.76
-39.77  3.91
-40.23  4.06
-40.69  4.23
-41.14  4.42
-41.58  4.62
-42.01  4.83
-42.44  5.06
-42.86  5.30
-43.28  5.56
-43.68  5.82
-44.08  6.10
-44.47  6.39
-44.85  6.70
-45.22  7.01
-45.58  7.34
-45.92  7.68
-46.26  8.02
-46.59  8.38
-46.90  8.75
-47.21  9.13
-47.50  9.52
-47.78  9.92
-48.04  10.32
-48.30  10.74
-48.54  11.16
-48.77  11.59
-48.98  12.02
-49.18  12.46
-49.37  12.91
-49.54  13.37
-49.69  13.83
-49.84  14.29
-49.96  14.76
-50.08  15.23
-50.18  15.70
-50.26  16.18
-50.33  16.66
-50.38  17.15
-50.42  17.63
-50.44  18.11
-50.45  18.60
-50.45  18.76
-50.45  18.93
-50.45  19.09
-50.45  19.26
-50.45  19.42
-50.45  19.58
-50.45  19.75
-50.45  19.91
-50.45  20.08
-50.45  20.24
-50.45  20.40
-50.45  20.57
-50.45  20.73
-50.45  20.90
-50.45  21.06
-50.45  21.22
-50.45  21.39
-50.45  21.55
-50.45  21.72
-50.45  21.88
-50.45  22.04
-50.45  22.21
-50.45  22.37
-50.45  22.54
-50.45  22.70
-50.45  22.86
-50.45  23.03
-50.45  23.19
-50.45  23.36
-50.45  23.52
-50.45  23.68
-50.45  23.85
-50.45  24.01
-50.45  24.18
-50.45  24.34
-50.45  24.50
-50.45  24.67
-50.45  24.83
-50.45  25.00
-50.45  25.16
-50.45  25.32
-50.45  25.49
-50.45  25.65
-50.45  25.82
-50.45  25.98
-50.45  26.14
-50.45  26.31
-50.45  26.47
-50.45  26.64
-50.45  26.80
-50.45  26.96
-50.45  27.13
-50.45  27.29
-50.45  27.46
-50.45  27.62
-50.45  27.78
-50.45  27.95
-50.45  28.11
-50.45  28.28
-50.45  28.44
-50.45  28.60
-50.45  28.77
-50.45  28.93
-50.45  29.10
-50.45  29.26
-50.45  29.42
-50.45  29.59
-50.45  29.75
-50.45  29.92
-50.45  30.08
-50.45  30.24
-50.45  30.41
-50.45  30.57
-50.45  30.74
-50.45  30.90
-50.45  31.06
-50.45  31.23
-50.45  31.39
-50.45  31.56
-50.45  31.72
-50.45  31.88
-50.45  32.05
-50.45  32.21
-50.45  32.38
-50.45  32.54
-50.45  32.70
-50.45  32.87
-50.45  33.03
-50.45  33.20
-50.45  33.36
-50.45  33.52
-50.45  33.69
-50.45  33.85
-50.45  34.02
-50.45  34.18
-50.45  34.34
-50.45  34.51
-50.45  34.67
-50.45  34.84
-50.45  35.00
-50.44  35.49
-50.42  35.97
-50.38  36.45
-50.33  36.94
-50.26  37.42
-50.18  37.90
-50.08  38.37
-49.96  38.84
-49.84  39.31
-49.69  39.77
-49.54  40.23
-49.37  40.69
-49.18  41.14
-48.98  41.58
-48.77  42.01
-48.54  42.44
-48.30  42.86
-48.04  43.28
-47.78  43.68
-47.50  44.08
-47.21  44.47
-46.90  44.85
-46.59  45.22
-46.26  45.58
-45.92  45.92
-45.58  46.26
-45.22  46.59
-44.85  46.90
-44.47  47.21
-44.08  47.50
-43.68  47.78
-43.28  48.04
-42.86  48.30
-42.44  48.54
-42.01  48.77
-41.58  48.98
-41.14  49.18
-40.69  49.37
-40.23  49.54
-39.77  49.69
-39.31  49.84
-38.84  49.96
-38.37  50.08
-37.90  50.18
-37.42  50.26
-36.94  50.33
-36.45  50.38
-35.97  50.42
-35.49  50.44
-35.00  50.45
-34.65  50.45
-34.30  50.45
-33.95  50.45
-33.60  50.45
-33.25  50.45
-32.90  50.45
-32.55  50.45
-32.20  50.45
-31.85  50.45
-31.50  50.45
-31.15  50.45
-30.80  50.45
-30.45  50.45
-30.10  50.45
-29.75  50.45
-29.40  50.45
-29.05  50.45
-28.70  50.45
-28.35  50.45
-28.00  50.45
-27.65  50.45
-27.30  50.45
-26.95  50.45
-26.60  50.45
-26.25  50.45
-25.90  50.45
-25.55  50.45
-25.20  50.45
-24.85  50.45
-24.50  50.45
-24.15  50.45
-23.80  50.45
-23.45  50.45
-23.10  50.45
-22.75  50.45
-22.40  50.45
-22.05  50.45
-21.70  50.45
-21.35  50.45
-21.00  50.45
-20.65  50.45
-20.30  50.45
-19.95  50.45
-19.60  50.45
-19.25  50.45
-18.90  50.45
-18.55  50.45
-18.20  50.45
-17.85  50.45
-17.50  50.45
-17.15  50.45
-16.80  50.45
-16.45  50.45
-16.10  50.45
-15.75  50.45
-15.40  50.45
-15.05  50.45
-14.70  50.45
-14.35  50.45
-14.00  50.45
-13.65  50.45
-13.30  50.45
-12.95  50.45
-12.60  50.45
-12.25  50.45
-11.90  50.45
-11.55  50.45
-11.20  50.45
-10.85  50.45
-10.50  50.45
-10.15  50.45
-9.80  50.45
-9.45  50.45
-9.10  50.45
-8.75  50.45
-8.40  50.45
-8.05  50.45
-7.70  50.45
-7.35  50.45
-7.00  50.45
-6.65  50.45
-6.30  50.45
-5.95  50.45
-5.60  50.45
-5.25  50.45
-4.90  50.45
-4.55  50.45
-4.20  50.45
-3.85  50.45
-3.50  50.45
-3.15  50.45
-2.80  50.45
-2.45  50.45
-2.10  50.45
-1.75  50.45
-1.40  50.45
-1.05  50.45
-0.70  50.45
-0.35  50.45
0.00  50.45
0.35  50.45
0.70  50.45
1.05  50.45
1.40  50.45
1.75  50.45
2.10  50.45
2.45  50.45
2.80  50.45
3.15  50.45
3.50  50.45
3.85  50.45
4.20  50.45
4.55  50.45
4.90  50.45
5.25  50.45
5.60  50.45
5.95  50.45
6.30  50.45
6.65  50.45
7.00  50.45
7.35  50.45
7.70  50.45
8.05  50.45
8.40  50.45
8.75  50.45
9.10  50.45
9.45  50.45
9.80  50.45
10.15  50.45
10.50  50.45
10.85  50.45
11.20  50.45
11.55  50.45
11.90  50.45
12.25  50.45
12.60  50.45
12.95  50.45
13.30  50.45
13.65  50.45
14.00  50.45
14.35  50.45
14.70  50.45
15.05  50.45
15.40  50.45
15.75  50.45
16.10  50.45
16.45  50.45
16.80  50.45
17.15  50.45
17.50  50.45
17.85  50.45
18.20  50.45
18.55  50.45
18.90  50.45
19.25  50.45
19.60  50.45
19.95  50.45
20.30  50.45
20.65  50.45
21.00  50.45
21.35  50.45
21.70  50.45
22.05  50.45
22.40  50.45
22.75  50.45
23.10  50.45
23.45  50.45
23.80  50.45
24.15  50.45
24.50  50.45
24.85  50.45
25.20  50.45
25.55  50.45
25.90  50.45
26.25  50.45
26.60  50.45
26.95  50.45
27.30  50.45
27.65  50.45
28.00  50.45
28.35  50.45
28.70  50.45
29.05  50.45
29.40  50.45
29.75  50.45
30.10  50.45
30.45  50.45
30.80  50.45
31.15  50.45
31.50  50.45
31.85  50.45
32.20  50.45
32.55  50.45
32.90  50.45
33.25  50.45
33.60  50.45
33.95  50.45
34.30  50.45
34.65  50.45
35.00  50.45
35.49  50.44
35.97  50.42
36.45  50.38
36.94  50.33
37.42  50.26
37.90  50.18
38.37  50.08
38.84  49.96
39.31  49.84
39.77  49.69
40.23  49.54
40.69  49.37
41.14  49.18
41.58  48.98
42.01  48.77
42.44  48.54
42.86  48.30
43.28  48.04
43.68  47.78
44.08  47.50
44.47  47.21
44.85  46.90
45.22  46.59
45.58  46.26
45.92  45.92
46.26  45.58
46.59  45.22
46.90  44.85
47.21  44.47
47.50  44.08
47.78  43.68
48.04  43.28
48.30  42.86
48.54  42.44
48.77  42.01
48.98  41.58
49.18  41.14
49.37  40.69
49.54  40.23
49.69  39.77
49.84  39.31
49.96  38.84
50.08  38.37
50.18  37.90
50.26  37.42
50.33  36.94
50.38  36.45
50.42  35.97
50.44  35.49
50.45  35.00
50.45  34.30
50.45  33.60
50.45  32.90
50.45  32.20
50.45  31.50
50.45  30.80
50.45  30.10
50.45  29.40
50.45  28.70
50.45  28.00
50.45  27.30
50.45  26.60
50.45  25.90
50.45  25.20
50.45  24.50
50.45  23.80
50.45  23.10
50.45  22.40
50.45  21.70
50.45  21.00
50.45  20.30
50.45  19.60
50.45  18.90
50.45  18.20
50.45  17.50
50.45  16.80
50.45  16.10
50.45  15.40
50.45  14.70
50.45  14.00
50.45  13.30
50.45  12.60
50.45  11.90
50.45  11.20
50.45  10.50
50.45  9.80
50.45  9.10
50.45  8.40
50.45  7.70
50.45  7.00
50.45  6.30
50.45  5.60
50.45  4.90
50.45  4.20
50.45  3.50
50.45  2.80
50.45  2.10
50.45  1.40
50.45  0.70
50.45  0.00
50.45  -0.70
50.45  -1.40
50.45  -2.10
50.45  -2.80
50.45  -3.50
50.45  -4.20
50.45  -4.90
50.45  -5.60
50.45  -6.30
50.45  -7.00
50.45  -7.70
50.45  -8.40
50.45  -9.10
50.45  -9.80
50.45  -10.50
50.45  -11.20
50.45  -11.90
50.45  -12.60
50.45  -13.30
50.45  -14.00
50.45  -14.70
50.45  -15.40
50.45  -16.10
50.45  -16.80
50.45  -17.50
50.45  -18.20
50.45  -18.90
50.45  -19.60
50.45  -20.30
50.45  -21.00
50.45  -21.70
50.45  -22.40
50.45  -23.10
50.45  -23.80
50.45  -24.50
50.45  -25.20
50.45  -25.90
50.45  -26.60
50.45  -27.30
50.45  -28.00
50.45  -28.70
50.45  -29.40
50.45  -30.10
50.45  -30.80
50.45  -31.50
50.45  -32.20
50.45  -32.90
50.45  -33.60
50.45  -34.30
50.45  -35.00
50.44  -35.49
50.42  -35.97
50.38  -36.45
50.33  -36.94
50.26  -37.42
50.18  -37.90
50.08  -38.37
49.96  -38.84
49.84  -39.31
49.69  -39.77
49.54  -40.23
49.37  -40.69
49.18  -41.14
48.98  -41.58
48.77  -42.01
48.54  -42.44
48.30  -42.86
48.04  -43.28
47.78  -43.68
47.50  -44.08
47.21  -44.47
46.90  -44.85
46.59  -45.22
46.26  -45.58
45.92  -45.92
45.58  -46.26
45.22  -46.59
44.85  -46.90
44.47  -47.21
44.08  -47.50
43.68  -47.78
43.28  -48.04
42.86  -48.30
42.44  -48.54
42.01  -48.77
41.58  -48.98
41.14  -49.18
40.69  -49.37
40.23  -49.54
39.77  -49.69
39.31  -49.84
38.84  -49.96
38.37  -50.08
37.90  -50.18
37.42  -50.26
36.94  -50.33
36.45  -50.38
35.97  -50.42
35.49  -50.44
35.00  -50.45
34.30  -50.45
33.60  -50.45
32.90  -50.45
32.20  -50.45
31.50  -50.45
30.80  -50.45
30.10  -50.45
29.40  -50.45
28.70  -50.45
28.00  -50.45
27.30  -50.45
26.60  -50.45
25.90  -50.45
25.20  -50.45
24.50  -50.45
23.80  -50.45
23.10  -50.45
22.40  -50.45
21.70  -50.45
21.00  -50.45
20.30  -50.45
19.60  -50.45
18.90  -50.45
18.20  -50.45
17.50  -50.45
16.80  -50.45
16.10  -50.45
15.40  -50.45
14.70  -50.45
14.00  -50.45
13.30  -50.45
12.60  -50.45
11.90  -50.45
11.20  -50.45
10.50  -50.45
9.80  -50.45
9.10  -50.45
8.40  -50.45
7.70  -50.45
7.00  -50.45
6.30  -50.45
5.60  -50.45
4.90  -50.45
4.20  -50.45
3.50  -50.45
2.80  -50.45
2.10  -50.45
1.40  -50.45
0.70  -50.45
0.00  -50.45
-0.70  -50.45
-1.40  -50.45
-2.10  -50.45
-2.80  -50.45
-3.50  -50.45
-4.20  -50.45
-4.90  -50.45
-5.60  -50.45
-6.30  -50.45
-7.00  -50.45
-7.70  -50.45
-8.40  -50.45
-9.10  -50.45
-9.80  -50.45
-10.50  -50.45
-11.20  -50.45
-11.90  -50.45
-12.60  -50.45
-13.30  -50.45
-14.00  -50.45
-14.70  -50.45
-15.40  -50.45
-16.10  -50.45
-16.80  -50.45
-17.50  -50.45
-18.20  -50.45
-18.90  -50.45
-19.60  -50.45
-20.30  -50.45
-21.00  -50.45
-21.70  -50.45
-22.40  -50.45
-23.10  -50.45
-23.80  -50.45
-24.50  -50.45
-25.20  -50.45
-25.90  -50.45
-26.60  -50.45
-27.30  -50.45
-28.00  -50.45
-28.70  -50.45
-29.40  -50.45
-30.10  -50.45
-30.80  -50.45
-31.50  -50.45
-32.20  -50.45
-32.90  -50.45
-33.60  -50.45
-34.30  -50.45
-35.00  -50.45
-35.49  -50.44
-35.97  -50.42
-36.45  -50.38
-36.94  -50.33
-37.42  -50.26
-37.90  -50.18
-38.37  -50.08
-38.84  -49.96
-39.31  -49.84
-39.77  -49.69
-40.23  -49.54
-40.69  -49.37
-41.14  -49.18
-41.58  -48.98
-42.01  -48.77
-42.44  -48.54
-42.86  -48.30
-43.28  -48.04
-43.68  -47.78
-44.08  -47.50
-44.47  -47.21
-44.85  -46.90
-45.22  -46.59
-45.58  -46.26
-45.92  -45.92
-46.26  -45.58
-46.59  -45.22
-46.90  -44.85
-47.21  -44.47
-47.50  -44.08
-47.78  -43.68
-48.04  -43.28
-48.30  -42.86
-48.54  -42.44
-48.77  -42.01
-48.98  -41.58
-49.18  -41.14
-49.37  -40.69
-49.54  -40.23
-49.69  -39.77
-49.84  -39.31
-49.96  -38.84
-50.08  -38.37
-50.18  -37.90
-50.26  -37.42
-50.33  -36.94
-50.38  -36.45
-50.42  -35.97
-50.44  -35.49
-50.45  -35.00
-50.45  -34.51
-50.45  -34.03
-50.45  -33.54
-50.45  -33.05
-50.45  -32.56
-50.45  -32.08
-50.45  -31.59
-50.45  -31.10
-50.45  -30.61
-50.45  -30.13
-50.45  -29.64
-50.45  -29.15
-50.45  -28.67
-50.45  -28.18
-50.45  -27.69
-50.45  -27.20
-50.45  -26.72
-50.45  -26.23
-50.45  -25.74
-50.45  -25.25
-50.45  -24.77
-50.45  -24.28
-50.45  -23.79
-50.45  -23.31
-50.45  -22.82
-50.45  -22.33
-50.45  -21.84
-50.45  -21.36
-50.45  -20.87
-50.45  -20.38
-50.45  -19.89
-50.45  -19.41
-50.45  -18.92
-50.45  -18.43
-50.45  -17.95
-50.45  -17.46
-50.45  -16.97
-50.45  -16.48
-50.45  -16.00
-50.45  -15.51
-50.45  -15.02
-50.45  -14.53
-50.45  -14.05
-50.45  -13.56
-50.45  -13.07
-50.45  -12.59
-50.45  -12.10
-50.45  -11.61
-50.45  -11.12
-50.45  -10.64
-50.45  -10.15
-50.45  -9.66
-50.45  -9.17
-50.45  -8.69
-50.45  -8.20
-50.45  -7.71
-50.45  -7.23
-50.45  -6.74
-50.45  -6.25
-50.45  -5.76
-50.45  -5.28
-50.45  -4.79
-50.45  -4.30
-50.45  -3.81
-50.45  -3.33
-50.45  -2.84
-50.45  -2.35
-50.45  -1.87
-50.45  -1.38
-50.45  -0.89
-50.45  -0.40
-50.45  0.08
-50.45  0.57
-50.45  1.06
-50.45  1.55
-50.45  2.03
-50.45  2.52
-50.45  3.01
-50.45  3.49
-50.45  3.98
-50.45  4.47
-50.45  4.96
-50.45  5.44
-50.45  5.93
-50.45  6.42
-50.45  6.91
-50.45  7.39
-50.45  7.88
-50.45  8.37
-50.45  8.85
-50.45  9.34
-50.45  9.83
-50.45  10.32
-50.45  10.80
-50.45  11.29
-50.45  11.78
-50.45  12.27
-50.45  12.75
-50.45  13.24
-50.45  13.73
-50.45  14.21
-50.45  14.70
-50.45  15.19
-50.45  15.68
-50.45  16.16
-50.45  16.65
-50.45  17.14
-50.45  17.63
-50.45  18.11
-50.45  18.60
